[
    [
        [
            2,
            6,
            6,
            6,
            6
        ],
        [
            2,
            6,
            6,
            6,
            6
        ],
        [
            2,
            6,
            6,
            6,
            6
        ],
        "fours"
    ],
    [
        [
            2,
            6,
            6,
            6,
            6
        ],
        [
            2,
            6,
            6,
            6,
            6
        ],
        "sm_straight"
    ],
    [
        [
            2,
            6,
            6,
            6,
            6
        ],
        [
            2,
            6,
            6,
            6,
            6
        ],
        [
            2,
            6,
            6,
            6,
            6
        ],
        "fives"
    ],
    [
        [
            2,
            6,
            6,
            6,
            6
        ],
        [
            2,
            6,
            6,
            6,
            6
        ],
        [
            2,
            6,
            6,
            6,
            6
        ],
        "sixes"
    ],
    [
        [
            2,
            6,
            6,
            6,
            6
        ],
        [
            2,
            6,
            6,
            6,
            6
        ],
        [
            2,
            6,
            6,
            6,
            6
        ],
        "threes"
    ],
    [
        [
            2,
            6,
            6,
            6,
            6
        ],
        [
            2,
            6,
            6,
            6,
            6
        ],
        [
            2,
            6,
            6,
            6,
            6
        ],
        "chance"
    ],
    [
        [
            2,
            6,
            6,
            6,
            6
        ],
        [
            2,
            6,
            6,
            6,
            6
        ],
        [
            2,
            6,
            6,
            6,
            6
        ],
        "ones"
    ],
    [
        [
            2,
            6,
            6,
            6,
            6
        ],
        [
            2,
            6,
            6,
            6,
            6
        ],
        [
            2,
            6,
            6,
            6,
            6
        ],
        "three_kind"
    ],
    [
        [
            2,
            6,
            6,
            6,
            6
        ],
        [
            2,
            6,
            6,
            6,
            6
        ],
        [
            2,
            6,
            6,
            6,
            6
        ],
        "twos"
    ],
    [
        [
            2,
            6,
            6,
            6,
            6
        ],
        [
            2,
            6,
            6,
            6,
            6
        ],
        [
            2,
            6,
            6,
            6,
            6
        ],
        "house"
    ],
    [
        [
            2,
            6,
            6,
            6,
            6
        ],
        [
            2,
            6,
            6,
            6,
            6
        ],
        [
            2,
            6,
            6,
            6,
            6
        ],
        "four_kind"
    ],
    [
        [
            2,
            6,
            6,
            6,
            6
        ],
        [
            2,
            6,
            6,
            6,
            6
        ],
        [
            2,
            6,
            6,
            6,
            6
        ],
        "lar_straight"
    ],
    [
        [
            2,
            6,
            6,
            6,
            6
        ],
        [
            2,
            6,
            6,
            6,
            6
        ],
        [
            2,
            6,
            6,
            6,
            6
        ],
        "yahtzee"
    ],
    []
]